{
	"metadata": {
		"type": "App"
	},
	"project": {
		"shadows": true,
		"shadowType": 1,
		"vr": false,
		"physicallyCorrectLights": false,
		"toneMapping": 0,
		"toneMappingExposure": 1
	},
	"camera": {
		"metadata": {
			"version": 4.5,
			"type": "Object",
			"generator": "Object3D.toJSON"
		},
		"object": {
			"uuid": "fb7c24a5-a912-48ad-a3f0-b219b9bd2f68",
			"type": "PerspectiveCamera",
			"name": "Camera",
			"layers": 1,
			"matrix": [
				-0.9420932659922985,
				-6.938893903907228e-18,
				-0.3353509775920811,
				0,
				-0.11681481499935306,
				0.9373697443425437,
				0.32816499110639646,
				0,
				0.3143478601305112,
				0.3483359906630297,
				-0.8830897238900328,
				0,
				13.953081504307601,
				13.616531021890816,
				-28.840106395637953,
				1
			],
			"fov": 50,
			"zoom": 1,
			"near": 0.01,
			"far": 1000,
			"focus": 10,
			"aspect": 1.7976391231028668,
			"filmGauge": 35,
			"filmOffset": 0
		}
	},
	"scene": {
		"metadata": {
			"version": 4.5,
			"type": "Object",
			"generator": "Object3D.toJSON"
		},
		"geometries": [
			{
				"uuid": "7f46f106-2949-4e13-a35d-da84638027a5",
				"type": "BoxGeometry",
				"width": 1,
				"height": 1,
				"depth": 1,
				"widthSegments": 1,
				"heightSegments": 1,
				"depthSegments": 1
			},
			{
				"uuid": "6ca6ce55-4485-4764-8da7-51d67f7c658d",
				"type": "BoxGeometry",
				"width": 1,
				"height": 1,
				"depth": 1,
				"widthSegments": 1,
				"heightSegments": 1,
				"depthSegments": 1
			}
		],
		"materials": [
			{
				"uuid": "b79e1d7a-615a-4dee-a4a4-938635b5b8f3",
				"type": "MeshStandardMaterial",
				"color": 16777215,
				"roughness": 1,
				"metalness": 0,
				"emissive": 0,
				"envMapIntensity": 1,
				"depthFunc": 3,
				"depthTest": true,
				"depthWrite": true,
				"colorWrite": true,
				"stencilWrite": false,
				"stencilWriteMask": 255,
				"stencilFunc": 519,
				"stencilRef": 0,
				"stencilFuncMask": 255,
				"stencilFail": 7680,
				"stencilZFail": 7680,
				"stencilZPass": 7680
			},
			{
				"uuid": "51171964-8781-4958-a891-87c8010b6d11",
				"type": "SpriteMaterial",
				"color": 16777215,
				"sizeAttenuation": true,
				"transparent": true,
				"depthFunc": 3,
				"depthTest": true,
				"depthWrite": true,
				"colorWrite": true,
				"stencilWrite": false,
				"stencilWriteMask": 255,
				"stencilFunc": 519,
				"stencilRef": 0,
				"stencilFuncMask": 255,
				"stencilFail": 7680,
				"stencilZFail": 7680,
				"stencilZPass": 7680
			},
			{
				"uuid": "6a00b96e-5064-4ccb-b5dd-193fe6eed387",
				"type": "MeshStandardMaterial",
				"color": 16777215,
				"roughness": 1,
				"metalness": 0,
				"emissive": 0,
				"envMapIntensity": 1,
				"depthFunc": 3,
				"depthTest": true,
				"depthWrite": true,
				"colorWrite": true,
				"stencilWrite": false,
				"stencilWriteMask": 255,
				"stencilFunc": 519,
				"stencilRef": 0,
				"stencilFuncMask": 255,
				"stencilFail": 7680,
				"stencilZFail": 7680,
				"stencilZPass": 7680
			}
		],
		"object": {
			"uuid": "2b895bbe-f6ff-4a1a-9ff1-440b0fa60416",
			"type": "Scene",
			"name": "Scene",
			"layers": 1,
			"matrix": [
				1,
				0,
				0,
				0,
				0,
				1,
				0,
				0,
				0,
				0,
				1,
				0,
				0,
				0,
				0,
				1
			],
			"children": [
				{
					"uuid": "52555d68-b7f9-47b7-ab4d-c74a5da6b8d2",
					"type": "DirectionalLight",
					"name": "DirectionalLight",
					"layers": 1,
					"matrix": [
						1,
						0,
						0,
						0,
						0,
						1,
						0,
						0,
						0,
						0,
						1,
						0,
						5,
						10,
						7.5,
						1
					],
					"color": 16777215,
					"intensity": 1,
					"shadow": {
						"camera": {
							"uuid": "d7c51373-5b5a-40f4-9331-e02e300650c2",
							"type": "OrthographicCamera",
							"layers": 1,
							"zoom": 1,
							"left": -5,
							"right": 5,
							"top": 5,
							"bottom": -5,
							"near": 0.5,
							"far": 500
						}
					}
				},
				{
					"uuid": "4bc63853-a2a2-41f1-97d0-1faebf8a9e00",
					"type": "Mesh",
					"name": "ctr",
					"layers": 1,
					"matrix": [
						0.9958843986159703,
						0,
						0.09063258019778016,
						0,
						0,
						1,
						0,
						0,
						-0.09063258019778016,
						0,
						0.9958843986159703,
						0,
						0,
						0,
						0,
						1
					],
					"geometry": "7f46f106-2949-4e13-a35d-da84638027a5",
					"material": "b79e1d7a-615a-4dee-a4a4-938635b5b8f3"
				},
				{
					"uuid": "96b6168f-3480-4628-a6ed-1d34c8f9fef8",
					"type": "AmbientLight",
					"name": "AmbientLight",
					"layers": 1,
					"matrix": [
						1,
						0,
						0,
						0,
						0,
						1,
						0,
						0,
						0,
						0,
						1,
						0,
						0,
						0,
						0,
						1
					],
					"color": 2236962,
					"intensity": 1
				},
				{
					"uuid": "b15b7501-d522-467b-8101-509baa6ce7b5",
					"type": "Sprite",
					"name": "spr",
					"layers": 1,
					"matrix": [
						0.99556196460308,
						0,
						0.09410831331851433,
						0,
						0,
						1,
						0,
						0,
						-0.09410831331851433,
						0,
						0.99556196460308,
						0,
						1.5390904996904635,
						0.26888376239007217,
						-5.257842443154393,
						1
					],
					"material": "51171964-8781-4958-a891-87c8010b6d11"
				},
				{
					"uuid": "ad71fa6f-7447-4552-9a76-ef70181515ae",
					"type": "Mesh",
					"name": "ax2",
					"layers": 1,
					"matrix": [
						1,
						0,
						0,
						0,
						0,
						1,
						0,
						0,
						0,
						0,
						1,
						0,
						2.781829088697293,
						8.597313369526638,
						4.57996624980922,
						1
					],
					"geometry": "6ca6ce55-4485-4764-8da7-51d67f7c658d",
					"material": "6a00b96e-5064-4ccb-b5dd-193fe6eed387"
				}
			]
		}
	},
	"scripts": {
		"4bc63853-a2a2-41f1-97d0-1faebf8a9e00": [
			{
				"name": "revolve",
				"source": "s.js"
			}
		]
	}
}